2.5 0.8660254037844386
2.5 0
2 0
1.5 0.8660254037844386
1.75 1.299038105676658
1 1.7320508075688772
1 2.598076211353316
1.5 2.598076211353316
1.75 2.1650635094610964
2.5 2.598076211353316
3.25 2.1650635094610964
3 1.7320508075688772
3.25 1.299038105676658
0.5000000000000001 2.598076211353316
1.1102230246251565e-16 1.7320508075688772
0.25 1.2990381056766578
-0.5 0.8660254037844385
-0.5 0
0 0
0.25 0.4330127018922192
0.9999999999999999 0
1.75 0.4330127018922192
4 1.7320508075688772
4 2.598076211353316
3.5 2.598076211353316
3 0
3.25 0.4330127018922192
4 0
4.75 0.4330127018922192
4.5 0.8660254037844386
4.75 1.299038105676658
3 3.4641016151377544
2.5 3.4641016151377544
2.5 4.330127018922193
1.75 4.763139720814412
1.5 4.330127018922193
1.75 3.897114317029974
1 3.464101615137755
7 -4.440892098500626e-16
7 -0.866025403784439
6.5 -0.8660254037844389
6 -2.220446049250313e-16
6.25 0.4330127018922192
5.5 0.8660254037844384
5.5 1.7320508075688774
6 1.732050807568877
6.25 1.2990381056766573
7 1.732050807568877
7.75 1.2990381056766573
7.5 0.8660254037844382
7.75 0.43301270189221897
5.000000000000001 1.7320508075688774
4 -0.8660254037844385
4.5 -0.8660254037844386
4.75 -0.43301270189221946
5.5 -0.8660254037844387
6.25 -0.4330127018922197
8.5 0.8660254037844379
8.5 1.7320508075688765
8 1.732050807568877
7.5 -0.866025403784439
7.75 -0.43301270189221996
8.5 -0.8660254037844393
9.25 -0.4330127018922202
9 -7.771561172376096e-16
9.25 0.4330127018922185
7.5 2.598076211353315
7 2.598076211353315
7.000000000000001 3.4641016151377544
6.250000000000001 3.897114317029974
6.000000000000001 3.4641016151377544
6.250000000000001 3.0310889132455348
5.500000000000001 2.598076211353316
4.0000000000000036 5.196152422706634
3.250000000000003 5.629165124598854
3.500000000000003 6.062177826491073
4.5000000000000036 6.062177826491074
4.7500000000000036 5.629165124598854
5.5000000000000036 6.062177826491073
6.250000000000004 5.629165124598854
6.0000000000000036 5.196152422706635
5.5000000000000036 5.196152422706635
5.5000000000000036 4.330127018922195
4.7500000000000036 3.8971143170299762
4.5000000000000036 4.330127018922196
4.0000000000000036 4.330127018922195
6.500000000000004 6.062177826491073
6.000000000000004 6.928203230275512
5.5000000000000036 6.928203230275512
5.5000000000000036 7.794228634059952
4.7500000000000036 8.22724133595217
4.5000000000000036 7.794228634059952
4.7500000000000036 7.361215932167732
4.0000000000000036 6.928203230275512
4.0000000000000036 6.062177826491074
4.0000000000000036 3.464101615137756
4.7500000000000036 3.0310889132455365
5.0000000000000036 3.464101615137756
3.0000000000000027 5.196152422706635
3.2500000000000027 4.763139720814415
3.250000000000003 3.0310889132455374
7.750000000000005 3.8971143170299762
7.500000000000004 4.330127018922196
7.000000000000005 4.330127018922195
7.000000000000005 5.196152422706635
2.5000000000000027 6.062177826491074
2.5000000000000027 6.928203230275512
2.0000000000000027 6.928203230275512
1.5000000000000022 6.062177826491073
1.7500000000000024 5.629165124598854
1.000000000000002 5.196152422706635
1.000000000000002 4.330127018922195
3.500000000000003 7.794228634059952
3.250000000000003 7.361215932167732
2.5000000000000027 7.794228634059952
1.7500000000000024 7.361215932167732
-0.4999999999999999 2.5980762113533156
-0.49999999999999983 3.4641016151377544
-0.9999999999999998 3.4641016151377544
-1.4999999999999998 2.5980762113533156
-1.2499999999999998 2.1650635094610964
-1.9999999999999998 1.7320508075688767
-1.9999999999999998 0.8660254037844384
-1.4999999999999998 0.8660254037844384
-1.25 1.2990381056766576
0.25 2.1650635094610964
0.5 4.330127018922193
0.2500000000000001 3.8971143170299736
-0.49999999999999983 4.330127018922193
-1.2499999999999996 3.897114317029973
2.5 -0.8660254037844386
1.75 -1.299038105676658
2 -1.7320508075688772
3 -1.7320508075688772
3.25 -1.299038105676658
4 -1.7320508075688772
4.75 -1.299038105676658
0.5000000000000001 -0.8660254037844386
1 -0.8660254037844386
1 -1.7320508075688772
1.75 -2.1650635094610964
7 -1.7320508075688776
6.25 -2.165063509461097
6.5 -2.598076211353316
7.5 -2.5980762113533165
7.75 -2.1650635094610973
8.5 -2.5980762113533165
9.25 -2.1650635094610973
9 -1.732050807568878
8.5 -1.7320508075688779
5 -1.7320508075688772
5.5 -1.7320508075688774
5.5 -2.598076211353316
6.25 -3.031088913245535
8.5 2.598076211353315
7.750000000000001 3.0310889132455348
9.5 0.8660254037844379
9.25 1.2990381056766571
10 1.7320508075688763
10 2.5980762113533147
9.5 2.598076211353315
9.25 3.0310889132455343
8.500000000000002 4.330127018922193
8.500000000000002 5.196152422706631
8.000000000000002 5.196152422706631
9 3.464101615137754
9.25 3.897114317029973
7.000000000000005 6.928203230275512
7.750000000000005 6.495190528383293
8.000000000000005 6.928203230275512
7.500000000000005 7.794228634059951
7.000000000000005 7.794228634059951
7.000000000000005 8.660254037844389
6.250000000000005 9.09326673973661
6.000000000000005 8.660254037844389
6.250000000000005 8.22724133595217
6.250000000000005 6.495190528383293
7.750000000000005 5.629165124598853
8.500000000000005 6.062177826491073
8.500000000000005 6.928203230275512
